1 0.60135 0.58625
1.25 0.60497 0.63238
1.5 0.60943 0.5752
1.75 0.61474 0.6127
2 0.62093 0.6161
2.25 0.62807 0.63445
2.5 0.63619 0.64245
2.75 0.64536 0.62806
3 0.65566 0.65506
3.25 0.66717 0.66387
3.5 0.67998 0.69253
3.75 0.69423 0.7161
4 0.71003 0.73222
4.25 0.72755 0.71028
4.5 0.74696 0.74851
4.75 0.76845 0.74417
5 0.79226 0.76999
5.25 0.81863 0.81849
5.5 0.84785 0.8785
5.75 0.88023 0.86484
6 0.9161 0.92353
6.25 0.9558 0.95129
6.5 0.99968 1.022
6.75 1.0481 1.0263
7 1.1012 1.1019
7.25 1.1592 1.1703
7.5 1.222 1.244
7.75 1.2895 1.3204
8 1.3611 1.3628
8.25 1.4362 1.4064
8.5 1.5139 1.4991
8.75 1.5934 1.5722
9 1.6739 1.7209
9.25 1.7547 1.7424
9.5 1.8353 1.8503
9.75 1.9152 1.9114
10 1.9942 2.012
